0.50074274
0.49951969
0.50078667
0.49956336
0.50083450
0.49960770
0.50087610
0.49964785
0.50091492
0.49968990
0.50096184
0.49972398
0.50099800
0.49976339
0.50103144
0.49980187
0.50106901
0.49983191
0.50110088
0.49985622
0.50113063
0.49989531
0.50115476
0.49991650
0.50118730
0.49993895
0.50121746
0.49995822
0.50124070
0.49998354
0.50125410
0.49999740
0.50127546
0.50001237
0.50128451
0.50001325
0.50128836
0.50002961
0.50129010
0.50002528
0.50130400
0.50002903
0.50130549
0.50002675
0.50130597
0.50003023
0.50130178
0.50002697
0.50130629
0.50002970
0.50130267
0.50002977
0.50130643
0.50002193
0.50130195
0.50002360
0.50131043
0.50002456
0.50130542
0.50002490
0.50131265
0.50001721
0.50130727
0.50001972
0.50130750
0.50002598
0.50130475
0.50001563
0.50131152
0.50001632
0.50130641
0.50001349
0.50131740
0.50001810
0.50131127
0.50001582
0.50131709
0.50001228
0.50131918
0.50002104
0.50131883
0.50001991
0.50132044
0.50000916
0.50131534
0.50001185
0.50131405
0.50001034
0.50131747
0.50001198
0.50131970
0.50000775
0.50132465
0.50001763
0.50131644
0.50000562
0.50131726
0.50000802
0.50132238
0.50000925
0.50132487
0.50000473
0.50132507
0.50000221
0.50132224
0.50000570
0.50132730
0.50000916
0.50132157
0.50000237
0.50132905
0.50000050
0.50132583
0.50000201
0.50133413
0.49999959
0.50132851
0.49999733
0.50132680
0.49999801
0.50132922
0.49999675
0.50132644
0.49999231
0.50132795
0.49999171
0.50133580
0.49999558
0.50134135
0.50000578
0.50133274
0.49999470
0.50133514
0.49999389
0.50134232
0.49999117
0.50133765
0.49999046
0.50133217
0.49998678
0.50133433
0.49999550
0.50134138
0.49999005
0.50133909
0.49998927
0.50133701
0.49999043
0.50133833
0.49998808
0.50134257
0.49999283
0.50134937
0.49998959
0.50134481
0.49997821
0.50134682
0.49998452
0.50134045
0.49998915
0.50134773
0.49998356
0.50134139
0.49998076
0.50134833
0.49998265
0.50134495
0.49997965
0.50135524
0.49997834
0.50135051
0.49997743
0.50134607
0.49997945
0.50135115
0.49998355
0.50135232
0.49998017
0.50135180
0.49998687
0.50135576
0.49997675
0.50135306
0.49998211
0.50135316
0.49998097
0.50135438
0.49997175
0.50135314
0.49997012
0.50135177
0.49996593
0.50134986
0.49997568
0.50135633
0.49997524
0.50135848
0.49996779
0.50135803
0.49997563
0.50135931
0.49996757
0.50135993
0.49996567
0.50136328
0.49997106
0.50136224
0.49997226
0.50136301
0.49996288
0.50136367
0.49997273
0.50136872
0.49996620
0.50135824
0.49996247
0.50134970
0.49996256
0.50135962
0.49996493
0.50136334
0.49996853
0.50136236
0.49997002
0.50136259
0.49996129
0.50135728
0.49996036
0.50135974
0.49996031
0.50136586
0.49995510
0.50136026
0.49996485
0.50135991
0.49995914
0.50136432
0.49995509
0.50136027
0.49996041
0.50135439
0.49996409
0.50136294
0.49995244
0.50135810
0.49996016
0.50136900
0.49995811
0.50136661
0.49996028
0.50136706
0.49996631
0.50136952
0.49995834
0.50136467
0.49997404
0.50136336
0.49996379
0.50136346
0.49996611
0.50136224
0.49996823
0.50136603
0.49996669
0.50136056
0.49996267
0.50135571
0.49996601
0.50135722
0.49995746
0.50135679
0.49996874
0.50136461
0.49996991
0.50135013
0.49997267
0.50135788
0.49997616
0.50134961
0.49997663
0.50135219
0.49997707
0.50134789
0.49998206
0.50135472
0.49998022
0.50135051
0.49998453
0.50134846
0.49998859
0.50133907
0.49998890
0.50133200
0.49998974
0.50133530
0.49999873
0.50132996
0.50000463
0.50132618
0.50000819
0.50133171
0.50001699
0.50130784
0.50001837
0.50130528
0.50002576
0.50130300
0.50003026
0.50128923
0.50004301
0.50127432
0.50005806
0.50126024
0.50007250
0.50122709
0.50007973
0.50121113
0.50007214
0.50122817
0.50016799
0.50140140
0.50001645
0.50099980
0.50016952
0.50050836
0.49943320
0.50140357
0.49957367
0.50141306
0.49967619
0.50093344
0.49831934
0.50183655
0.50093197
0.49943970
0.50012746
0.50043375
0.49969993
0.50059153
0.50076581
0.50106612
0.50203816
0.50017732
0.50187734
0.50438992
0.50162171
0.49994074
0.50153626
0.50483675
0.50144456
0.50237731
0.50052911
0.50606717
0.50076188
0.50353943
0.49710120
0.50237191
0.50358376
0.50326529
0.49926839
0.50845533
0.50569039
0.50536914
0.49474463
0.50688841
0.50360879
0.50244337
0.49710532
0.50853013
0.49916026
0.50662777
0.49386887
0.50978834
0.49812303
0.50271173
0.50059402
0.50531498
0.50148240
0.49385966
0.49590537
0.50029769
0.50197833
0.49612838
0.49149946
0.49629525
0.51125018
0.49292477
0.50074727
0.50036743
0.50350848
0.50051918
0.49786921
0.49277046
0.50542489
0.49917572
0.49536647
0.51124455
0.50605431
0.51128320
0.49721171
0.49105871
0.49789403
0.51661069
0.49812342
0.51324390
0.49338271
0.50521951
0.49006798
0.51295395
0.49039871
0.49998951
0.50743577
0.49401287
0.49269720
0.48738003
0.50232264
0.49739408
0.50438585
0.49076598
0.48575308
0.51485355
0.50512904
0.51400175
0.49467556
0.50530184
0.50134399
0.50014019
0.49818029
0.49463846
0.49945214
0.49502471
0.49038827
0.50603042
0.50967191
0.49231320
0.52319206
0.49924003
0.51509474
0.48784202
0.48112952
0.50439429
0.49142531
0.50099411
0.51036324
0.48903688
0.51081592
0.49901454
0.50606533
0.51191478
0.49694988
0.51965966
0.49423689
0.51547262
0.48668425
0.51823006
0.51039710
0.51426562
0.48902912
0.51396295
0.47467131
0.49313446
0.50591674
0.47888721
0.50238333
0.48868803
0.49735682
0.49879791
0.50228950
0.50624489
0.49598017
0.49497219
0.50950001
0.47348038
0.49644447
0.49545275
0.51061936
0.49826583
0.51279693
0.50512703
0.50263308
0.49879026
0.48525492
0.52341901
0.50520325
0.51303914
0.49849264
0.49782348
0.51467231
0.49399712
0.51242136
0.50114470
0.48567353
0.49628565
0.52622513
0.48815116
0.50825318
0.51003990
0.48158098
0.49053365
0.49274392
0.52921964
0.47464394
0.48508709
0.48399877
0.50754833
0.50153291
0.49572886
0.49889454
0.51007990
0.51142529
0.48454825
0.51444411
0.48678169
0.48035550
0.50078936
0.49880039
0.51996905
0.49716659
0.50991877
0.49507631
0.50775232
0.50374882
0.50676752
0.49743633
0.47578734
0.53842619
0.52052988
0.51682801
0.48824684
0.51298652
0.48203622
0.49754230
0.50409273
0.52630453
0.48657371
0.51319227
0.49181935
0.50308865
0.47303298
0.50570966
0.46635385
0.49380117
0.51934551
0.48698918
0.52459220
0.47438190
0.50415702
0.50427404
0.48702019
0.48732968
0.48878871
0.47652227
0.55828852
0.48738864
0.53225870
0.46268795
0.50364590
0.49868099
0.51206852
0.51830509
0.53005312
0.48310220
0.51772380
0.49063237
0.51049324
0.44941562
0.51383827
0.48852962
0.53706782
0.50039833
0.48329366
0.50680446
0.48729320
0.47414481
0.51825107
0.51030517
0.53402807
0.51965696
0.45680143
0.46968191
0.50455273
0.51553332
0.54388967
0.48059526
0.48215425
0.50398874
0.50003039
0.47879323
0.51563981
0.52704524
0.50120927
0.48780726
0.44410264
0.53362200
0.48005627
0.53123414
0.52810172
0.54562378
0.47073407
0.53550656
0.52222633
0.49827639
0.49087739
0.49865139
0.50458277
0.48561096
0.48569015
0.52372285
0.48001312
0.49237975
0.56007384
0.49567652
0.54062578
0.43156266
0.51288412
0.45933852
0.57066140
0.47148625
0.52193335
0.49083825
0.53408881
0.50427145
0.53777330
0.45227970
0.53034583
0.48705322
0.51921414
0.43877406
0.51578236
0.50422479
0.48701193
0.49641395
0.46550691
0.49448599
0.49250401
0.44500584
0.49693808
0.50358747
0.48892432
0.47011142
0.49405364
0.48544285
0.45140325
0.50548330
0.46595351
0.48206853
0.47908896
0.51019275
0.52509062
0.53770135
0.50741881
0.46387813
0.48595177
0.51012926
0.54256043
0.53825988
0.51645742
0.46074758
0.49961565
0.56255413
0.48833992
0.54139870
0.51665926
0.50297513
0.47974979
0.48587160
0.47587936
0.47065390
0.49370765
0.49962857
0.45733205
0.48252097
0.47594102
0.53067304
0.48388295
0.50049244
0.54582786
0.48822419
0.52604466
0.46465333
0.49722924
0.49186349
0.53639326
0.49377006
0.50303550
0.51040273
0.47538719
0.55333188
0.47894555
0.44347456
0.48779142
0.48724087
0.54507691
0.44703419
0.50014658
0.43145260
0.49422037
0.49430513
0.52034765
0.48440428
0.48137693
0.54880672
0.53362525
0.51949587
0.54228555
0.50077314
0.43163943
0.60285122
0.38609053
0.55529900
0.55266530
0.44021362
0.46507475
0.43902462
0.59111519
0.57000752
0.51274303
0.60247855
0.43486630
0.60396086
0.54488286
0.53747032
0.45253224
0.42392277
0.60114186
0.45809328
0.37960190
0.55008586
0.44170933
0.45811172
0.43678660
0.52712479
0.52423159
0.47887612
0.54698009
0.53205349
0.48522990
0.53863107
0.45187883
0.50940819
0.44233254
0.48989364
0.41391096
0.57147707
0.52161982
0.49925245
0.39893865
0.68217274
0.46538306
0.61525981
0.53208282
0.48701622
0.48866448
0.37138222
0.38201511
0.46461030
0.41553593
0.45790752
0.56088779
0.52563678
0.46743358
0.45666587
0.55235603
0.47214127
0.60051512
0.53533513
0.52317578
0.44775726
0.51078568
0.62001015
0.56957829
0.43149290
0.59312163
0.47044936
0.53134579
0.53525010
0.52654908
0.47432999
0.45713908
0.49112656
0.47411473
0.46830270
0.49257306
0.56176861
0.48189297
0.46812937
0.54723758
0.54627606
0.50413885
0.56122542
0.54069422
0.48132968
0.45894072
0.39761682
0.41470408
0.39564710
0.54638535
0.42490109
0.45336790
0.44273241
0.47334107
0.58781345
0.56849384
0.48377006
0.44249347
0.40137467
0.50554453
0.50606839
0.50535208
0.51863493
0.52726744
0.55371752
0.40234459
0.51087542
0.61754570
0.49918476
0.56899358
0.56143134
0.54069008
0.46457794
0.44834849
0.49119716
0.45021349
0.45034416
0.55208709
0.52196969
0.49795712
0.42953875
0.52080842
0.51347282
0.58450520
0.49350900
0.48727869
0.34765736
0.71179459
0.50146848
0.35876237
0.45738841
0.43716201
0.66914728
0.77123519
0.62491943
0.57436166
0.40442205
0.72608717
0.61356777
0.58756310
0.38371298
0.29425467
0.41870071
0.39364859
0.53880734
0.57702125
0.53175841
0.29676725
0.13468696
0.38052842
0.58967972
0.66222886
0.63040902
0.46636897
0.43340189
0.30365074
0.41960765
0.73217616
0.45372672
0.17355198
0.27889335
0.59957675
0.53523696
0.28166690
0.46750227
0.64941127
0.39309728
0.50833543
0.64059623
0.65987422
1.04736659
0.68514346
0.44548012
0.48983834
0.54449624
0.57044173
0.60655342
0.39835533
0.68529341
0.49395088
0.31865310
0.38751517
0.56846103
0.61183889
0.40254522
-0.08706282
0.32806482
0.55235056
0.49499842
0.32741243
0.49975281
0.57474953
0.45326254
0.49021829
0.62895817
0.36357046
0.45308381
0.56508681
0.50819310
0.43689818
0.35829400
0.33002998
0.58194955
0.40618606
0.70200516
0.58840932
0.54427895
0.71544464
0.64538734
0.54958142
0.40668666
0.41167562
0.46328544
0.33541328
0.37447165
0.38003314
0.42504078
0.51319811
0.69208046
0.56712938
0.59767789
0.48616885
0.60495769
0.69919560
0.55304726
0.51237664
0.48165140
0.55386744
0.50274897
0.45685483
0.64416973
0.61920035
0.54095054
0.29288792
0.39028141
0.39501887
0.39494885
0.43364705
0.33670896
0.70335886
0.31057651
0.51585675
0.47352189
0.39476807
0.60731167
0.42816914
0.50401280
0.54239083
0.46060810
0.67299228
0.37097515
0.36992090
0.55756687
0.42300879
0.65386322
0.48465331
0.47033807
0.64760765
0.59066825
0.38675520
0.46059120
0.59289140
0.62613397
0.67141569
0.45981690
0.56748652
0.52326490
0.60515286
0.53169429
0.47266395
0.55356600
0.51587527
0.58774893
0.36782648
0.62569524
0.52534841
0.51871210
0.45795068
0.32131742
0.54051070
0.67462488
0.42660843
0.31437543
0.07183509
0.25666628
0.73831787
0.76910033
0.67024785
0.28109216
0.27181906
0.24210281
0.37753742
0.80073747
0.74459027
0.29601657
0.12951336
0.01857933
0.47978348
0.84364882
0.80346504
0.29466090
0.29412379
0.48805856
0.81215747
0.77761932
0.58991274
0.54228037
0.59914115
0.65942052
0.85822337
0.67559209
0.58953163
0.44529025
0.38256688
0.52712944
0.48132278
0.48386099
0.42371475
0.43179416
0.51294651
0.43119583
0.45552961
0.54747852
0.45839479
0.32667870
0.38191654
0.28875698
0.41011497
0.44983036
0.32389245
0.30887749
0.35622370
0.46306754
0.54281872
0.52576962
0.68632866
0.52546799
0.59570940
0.64146811
0.56502560
0.58363865
0.51659785
0.52646264
0.45279191
0.39859817
0.25896566
0.24282132
0.45103271
0.55992552
0.62781950
0.59148514
0.56736836
0.55702427
0.33328211
0.27146875
0.40445021
0.80859977
0.73424506
0.43502403
0.29280303
0.52315096
0.64547142
0.56067638
0.46466770
0.47537795
0.54219930
0.59649834
0.62301103
0.75559180
0.55190723
0.34115061
0.35299189
0.38959356
0.33421597
0.31536524
0.52142885
0.52761330
0.43442750
0.46844005
0.55102668
0.44700762
0.49413146
0.51255596
0.44003901
0.38476823
0.39572830
0.67218896
0.59934653
0.53189622
0.44505229
0.44999601
0.50362568
0.47997814
0.47687632
0.43460197
0.39499324
0.42642740
0.44613626
0.55109505
0.60977975
0.57570671
0.48547120
0.41395878
0.48192364
0.52091070
0.47870372
0.56060864
0.53904084
0.57677394
0.60538914
0.60021159
0.51514499
0.44464256
0.47995936
0.54615564
0.52488114
0.50701024
0.53240642
0.52662759
0.54249255
0.52547627
0.51540493
0.50018898
0.54333507
0.53783022
0.57809482
0.57561507
0.58105334
0.55674097
0.53527757
0.52718181
0.52541425
0.48923462
0.52008171
0.50555722
0.49953274
0.51692082
0.51366073
0.51312836
0.47263654
0.48226334
0.45386390
0.47708421
0.47137672
0.50433960
0.50006458
0.50822702
0.52454690
0.53060487
0.49191133
0.44652984
0.47296947
0.49279596
0.46043696
0.49528733
0.50833913
0.49653937
0.43937482
0.42585900
0.45598643
0.52438642
0.48686665
0.44023086
0.46905668
0.49625579
0.49211683
0.50739868
0.51079716
0.50531835
0.50636137
0.50814312
0.54654142
0.55871123
0.53532431
0.52830936
0.49814777
0.47295393
0.47433483
0.49579267
0.52008450
0.53044699
0.54118969
0.51779451
0.50892048
0.49189613
0.48251472
0.47314507
0.52337894
0.49794867
0.52838884
0.52785891
0.52076876
0.52130816
0.48393864
0.51858078
0.53149153
0.54905351
0.55952287
0.55856587
0.54915885
0.52214066
0.48809945
0.48886752
0.44903076
0.49556319
0.52006823
0.53902367
0.52019226
0.48854745
0.49062701
0.49718131
0.48741468
0.42695436
0.45156789
0.48288415
0.48549994
0.47051869
0.44679595
0.44982725
0.43227280
0.42857203
0.44772920
0.45223139
0.45963522
0.46343948
0.47445564
0.46292190
0.47000789
0.49036907
0.48011319
0.49802123
0.47644439
0.49985898
0.52072561
0.51982076
0.52350498
0.50820201
0.54634960
0.54803122
0.54234447
0.54289758
0.50755032
0.49462620
0.52343366
0.53010809
0.52952450
0.50127708
0.51878955
0.49139431
0.49993611
0.51207113
0.53138295
0.50968100
0.48799120
0.49405228
0.51209853
0.50654514
0.50160216
0.48300394
0.47983308
0.50112945
0.50474531
0.49310010
0.48987718
0.49052323
0.50624683
0.51261362
0.50649718
0.49389694
0.47823617
0.49452702
0.51789736
0.52665196
0.50725495
0.49098850
0.47869348
0.45798032
0.46454140
0.49942121
0.51245917
0.51543372
0.52826679
0.50547059
0.48310166
0.48453793
0.48242536
0.47222708
0.48217343
0.48684808
0.49886002
0.49135123
0.49560241
0.47390135
0.46910474
0.48410193
0.50241748
0.50061947
0.49673634
0.50891343
0.52640358
0.50751861
0.49546828
0.49411417
0.50818664
0.50833310
0.49285456
0.50650107
0.50259539
0.51413931
0.53260997
0.55153790
0.54028525
0.52373118
0.51041230
0.51515405
0.53641820
0.54979925
0.54069234
0.52995632
0.52014704
0.50794645
0.51476191
0.50535057
0.50110840
0.48627571
0.48881061
0.48882558
0.50473146
0.52603465
0.49301371
0.49191454
0.47722754
0.49982673
0.50725208
0.51108489
0.49787424
0.48682382
0.47707312
0.47385115
0.48224575
0.48204978
0.49621169
0.48594934
0.49335676
0.49537401
0.49313311
0.49762803
0.49737541
0.51240567
0.50093756
0.48939113
0.47087880
0.46593243
0.47252878
0.49452142
0.49789819
0.49612180
0.49570224
0.50029134
0.50211770
0.50885619
0.50306273
0.48713270
0.49819413
0.50161330
0.51629400
0.51764813
0.50729210
0.50846098
0.51770045
0.52261345
0.50986732
0.51595382
0.51491669
0.51743589
0.52030640
0.52298777
0.53028257
0.51889732
0.50841372
0.50625400
0.49854015
0.50312530
0.50094420
0.51192978
0.50436418
0.50626668
0.49899727
0.49806251
0.48922574
0.48870361
0.49357518
0.49537005
0.49703177
0.49080451
0.48074284
0.49655342
0.49599075
0.48913751
0.49854720
0.50352115
0.51647434
0.50714741
0.50668438
0.48904840
0.48111331
0.49131573
0.51226027
0.50630540
0.51587009
0.51216055
0.49807487
0.50526977
0.50479288
0.49707863
0.49660999
0.49828521
0.50874490
0.51829197
0.52913213
0.51424813
0.50764627
0.49607602
0.49060511
0.49950407
0.49870736
0.49603204
0.49150985
0.47839001
0.47839053
0.48687347
0.49856917
0.48767046
0.48365407
0.47865101
0.47776949
0.48227091
0.48977378
0.48360920
0.47546422
0.49182884
0.49489459
0.49425732
0.50924195
0.51900547
0.52232383
0.50761175
0.51315038
0.52317266
0.50605830
0.49679275
0.48205114
0.48303938
0.48408663
0.47606939
0.48401908
0.47839727
0.48493907
0.49024518
0.50403062
0.50357689
0.49165630
0.50501933
0.49879191
0.50460553
0.51814301
0.51379746
0.51874055
0.51144679
0.51318683
0.51480374
0.51917591
0.51318640
0.51879937
0.51340015
0.52416113
0.51876019
0.51518761
0.50221601
0.50480870
0.50413562
0.51946693
0.50663272
0.49772967
0.49170698
0.50261387
0.50163141
0.50180116
0.49705500
0.49533087
0.50015230
0.50714649
0.49340153
0.49467824
0.49767520
0.48866683
0.48490706
0.50186126
0.48531938
0.49592868
0.50196529
0.50606010
0.49765334
0.49586883
0.48420595
0.50094020
0.49387163
0.49588324
0.48947648
0.49296699
0.50424234
0.49362674
0.51476018
0.50138295
0.51382744
0.49847698
0.47903727
0.49681396
0.48587475
0.51278691
0.50986844
0.50431310
0.51108613
0.49301511
0.49348593
0.50341972
0.50351748
0.51036564
0.50957529
0.51892821
0.51511700
0.52446512
0.50437573
0.49505769
0.50838546
0.49754047
0.49988644
0.49655160
0.50935002
0.48767084
0.48506867
0.49005629
0.50417579
0.50421240
0.51727246
0.51125077
0.51072175
0.49628988
0.49230860
0.49108261
0.49138625
0.50155337
0.50110135
0.48878207
0.49075729
0.49194860
0.48885078
0.49787979
0.50156242
0.49222311
0.48651642
0.49147316
0.48686250
0.48285377
0.49458571
0.48555931
0.48486517
0.48863353
0.49755014
0.50398243
0.50680922
0.49843436
0.49826327
0.47790099
0.50007021
0.51105061
0.51413880
0.50741331
0.52046588
0.50708152
0.51423034
0.51002677
0.51014615
0.50142014
0.50497322
0.50476382
0.52475510
0.52041296
0.52374666
0.50547146
0.51035711
0.50624728
0.47349294
0.50766469
0.52046773
0.49082106
0.51168288
0.46564787
0.50038895
0.47064357
0.47903028
0.50549810
0.50833161
0.51288561
0.52853908
0.50702116
0.49348621
0.49740711
0.48918332
0.49243437
0.49296287
0.49794315
0.49629274
0.48464750
0.50908879
0.50458404
0.49106703
0.47847102
0.48032478
0.47869729
0.48460669
0.50409638
0.50648474
0.49281026
0.49254567
0.48295963
0.48804971
0.50261588
0.51974139
0.49401729
0.49668069
0.50818629
0.51277149
0.50386332
0.49723216
0.51111504
0.50428038
0.49876736
0.50104092
0.49761461
0.50091669
0.50680191
0.51832274
0.50539703
0.50285862
0.50916957
0.50522878
0.50927878
0.50061012
0.50920840
0.49829168
0.50292509
0.49696811
0.48786951
0.49441828
0.49924328
0.50056309
0.50788655
0.50568675
0.49885936
0.50825781
0.51358794
0.50181711
0.49670512
0.50231874
0.50071364
0.49363932
0.49725708
0.48577764
0.49322126
0.49672575
0.49841979
0.49831071
0.49371113
0.50622777
0.50573226
0.49736090
0.49137016
0.49514380
0.51468044
0.52019915
0.51499446
0.50597482
0.50200867
0.50257167
0.50777201
0.50922691
0.50950038
0.50320759
0.50065363
0.49735581
0.50214794
0.50063784
0.50068499
0.49671695
0.48879158
0.48592358
0.48687707
0.49184552
0.49576221
0.49536368
0.49685520
0.49717325
0.49868447
0.49444742
0.48891196
0.48280655
0.49267207
0.48880046
0.49958168
0.47891733
0.50706276
0.51364133
0.50068666
0.50389600
0.49473832
0.49949344
0.51606791
0.51907943
0.51214098
0.53623935
0.52356265
0.52608880
0.51676173
0.50648444
0.50160777
0.50120409
0.50394973
0.52203701
0.50811866
0.49816602
0.49160516
0.49368541
0.48741953
0.49163163
0.47694283
0.48970686
0.50872133
0.49628656
0.48977306
0.49113358
0.49051815
0.50172371
0.49704809
0.50512963
0.50965392
0.50810142
0.51573137
0.50293086
0.49069362
0.50771117
0.50999378
0.49118941
0.48300096
0.48591581
0.49901524
0.49003928
0.49239078
0.51689188
0.51664965
0.50219798
0.49641027
0.50251920
0.51612615
0.50649499
0.52018372
0.50577725
0.49554025
0.49971722
0.49342441
0.50553049
0.51305780
0.49937751
0.49621864
0.49516193
0.49977134
0.50399263
0.49709116
0.48387856
0.48671944
0.49793965
0.49181577
0.49363839
0.50313958
0.50536729
0.49976976
0.48850329
0.49375114
0.50139521
0.51099344
0.50090349
0.50313250
0.50365070
0.49824071
0.50407568
0.50201594
0.49442091
0.50511008
0.50495554
0.50504313
0.50398743
0.49539549
0.49485178
0.49927705
0.49823547
0.50122444
0.50520307
0.50586174
0.50677787
0.50712949
0.50165133
0.49897544
0.49682861
0.50070922
0.50038063
0.49861037
0.50026172
0.49733864
0.49766842
0.49650242
0.49969918
0.50064269
0.50057672
0.50082516
0.50124250
0.50071309
0.50013350
0.49940828
0.50015228
0.49992127
0.50004129
0.49998198
0.50000117
0.50001218
