nan
-4.949999999999992042e+02
-4.429999999999996021e+02
-3.230000000000003979e+02
-1.189999999999997726e+02
-6.900000000000083844e+01
-6.999999999999673150e+00
1.100000000000100897e+01
6.999999999999673150e+00
1.999999999998891553e+00
5.000000000000781597e+00
6.999999999999673150e+00
2.000000000000667910e+00
1.799999999999890576e+01
2.400000000000090949e+01
1.299999999999990052e+01
6.199999999999938893e+01
1.200000000000009948e+02
1.600000000000001421e+02
1.059999999999998721e+02
5.699999999999860734e+01
6.400000000000005684e+01
6.600000000000072475e+01
8.200000000000073896e+01
6.299999999999883471e+01
7.099999999999972999e+01
7.900000000000062528e+01
9.200000000000052580e+01
4.399999999999870681e+01
1.300000000000167688e+01
1.099999999999923261e+01
3.899999999999970157e+01
8.300000000000018474e+01
6.000000000000049738e+01
-3.000000000000113687e+00
2.599999999999980105e+01
3.200000000000002842e+01
4.899999999999948841e+01
2.400000000000090949e+01
3.899999999999970157e+01
7.099999999999972999e+01
2.500000000000035527e+01
2.299999999999968736e+01
6.099999999999994316e+01
2.400000000000090949e+01
5.299999999999904787e+01
6.900000000000083844e+01
9.999999999999964473e+01
1.470000000000002274e+02
1.369999999999986642e+02
1.219999999999998863e+02
1.590000000000006821e+02
1.449999999999995737e+02
1.390000000000011084e+02
1.570000000000000284e+02
1.529999999999986926e+02
1.490000000000009095e+02
1.089999999999999858e+02
1.329999999999991189e+02
1.900000000000012790e+02
2.379999999999995453e+02
2.869999999999990337e+02
1.960000000000015064e+02
1.440000000000001137e+02
1.109999999999988773e+02
6.799999999999961631e+01
2.400000000000090949e+01
2.500000000000035527e+01
1.799999999999890576e+01
4.700000000000059686e+01
8.600000000000029843e+01
1.809999999999991473e+02
4.380000000000006253e+02
6.609999999999995453e+02
4.309999999999991473e+02
3.810000000000002274e+02
3.859999999999992042e+02
3.190000000000026148e+02
3.260000000000005116e+02
3.189999999999990337e+02
2.889999999999978968e+02
2.740000000000009095e+02
2.890000000000014779e+02
2.569999999999978968e+02
2.360000000000006537e+02
2.540000000000013358e+02
2.829999999999976694e+02
2.590000000000003411e+02
2.310000000000016485e+02
2.459999999999986642e+02
2.400000000000019895e+02
2.349999999999994316e+02
2.489999999999987779e+02
2.500000000000000000e+02
2.210000000000000853e+02
2.409999999999996589e+02
2.400000000000019895e+02
2.139999999999986358e+02
2.349999999999994316e+02
2.250000000000014211e+02
2.270000000000003126e+02
2.379999999999995453e+02
2.240000000000001990e+02
2.179999999999999716e+02
2.139999999999986358e+02
2.110000000000020748e+02
2.049999999999982947e+02
2.190000000000011937e+02
2.109999999999985221e+02
2.179999999999999716e+02
2.210000000000000853e+02
1.969999999999991758e+02
1.970000000000027285e+02
1.899999999999977263e+02
1.950000000000002842e+02
2.100000000000008527e+02
2.019999999999981810e+02
2.120000000000032969e+02
1.929999999999978400e+02
1.630000000000002558e+02
1.909999999999989484e+02
1.940000000000026148e+02
1.920000000000001705e+02
2.179999999999999716e+02
1.759999999999983800e+02
1.649999999999991473e+02
1.870000000000011653e+02
1.939999999999990621e+02
1.829999999999998295e+02
1.799999999999997158e+02
2.030000000000029559e+02
1.839999999999974989e+02
1.880000000000023874e+02
1.669999999999980389e+02
1.730000000000018190e+02
1.729999999999982663e+02
1.790000000000020464e+02
1.769999999999996021e+02
1.769999999999996021e+02
1.639999999999979252e+02
1.829999999999998295e+02
1.620000000000025864e+02
1.639999999999979252e+02
1.960000000000015064e+02
1.690000000000004832e+02
1.639999999999979252e+02
1.660000000000003695e+02
1.570000000000035811e+02
1.809999999999973852e+02
1.799999999999997158e+02
1.599999999999965894e+02
1.630000000000038085e+02
1.679999999999992610e+02
1.529999999999986926e+02
1.510000000000033538e+02
1.649999999999991473e+02
1.559999999999988063e+02
1.629999999999967031e+02
1.750000000000042633e+02
1.610000000000013642e+02
1.469999999999984652e+02
1.559999999999988063e+02
1.460000000000007958e+02
1.779999999999972715e+02
1.490000000000009095e+02
1.409999999999982379e+02
1.610000000000013642e+02
1.210000000000022169e+02
1.250000000000000000e+02
1.310000000000002274e+02
1.490000000000009095e+02
1.259999999999976694e+02
1.300000000000025580e+02
1.439999999999983515e+02
1.319999999999978968e+02
1.200000000000045475e+02
1.460000000000007958e+02
1.409999999999982379e+02
1.319999999999978968e+02
1.420000000000030127e+02
1.719999999999970441e+02
1.349999999999980105e+02
1.020000000000038654e+02
1.400000000000005684e+02
1.550000000000011369e+02
1.459999999999936904e+02
1.690000000000040359e+02
1.479999999999961346e+02
1.219999999999998863e+02
1.520000000000010232e+02
1.500000000000056843e+02
1.429999999999935767e+02
1.590000000000060254e+02
1.329999999999955662e+02
1.349999999999980105e+02
1.390000000000028990e+02
9.000000000000341061e+01
8.699999999999619149e+01
1.050000000000039790e+02
8.999999999999630518e+01
7.900000000000062528e+01
9.100000000000108002e+01
7.999999999999829470e+01
7.099999999999795364e+01
6.200000000000471800e+01
4.799999999999471356e+01
4.100000000000392220e+01
8.200000000000073896e+01
6.499999999999772626e+01
7.000000000000028422e+01
9.700000000000130740e+01
7.999999999999829470e+01
7.900000000000062528e+01
1.400000000000005684e+02
1.629999999999967031e+02
1.829999999999998295e+02
1.829999999999998295e+02
2.160000000000010800e+02
2.289999999999992042e+02
2.190000000000011937e+02
2.000000000000028422e+02
1.869999999999976126e+02
2.120000000000032969e+02
2.139999999999986358e+02
2.590000000000003411e+02
2.229999999999989768e+02
2.269999999999967599e+02
2.370000000000018758e+02
2.370000000000018758e+02
2.190000000000011937e+02
2.130000000000009663e+02
2.119999999999961915e+02
1.870000000000047180e+02
1.839999999999974989e+02
1.679999999999992610e+02
1.589999999999989200e+02
1.769999999999996021e+02
1.769999999999996021e+02
1.780000000000043769e+02
2.049999999999982947e+02
1.739999999999994884e+02
1.980000000000003979e+02
1.920000000000001705e+02
1.980000000000003979e+02
2.089999999999960778e+02
2.090000000000031832e+02
1.850000000000022737e+02
1.969999999999956231e+02
2.300000000000039790e+02
2.019999999999981810e+02
2.169999999999987494e+02
2.070000000000007390e+02
2.109999999999985221e+02
2.130000000000009663e+02
1.970000000000027285e+02
2.209999999999965326e+02
2.590000000000003411e+02
2.409999999999996589e+02
2.229999999999989768e+02
2.349999999999994316e+02
2.020000000000052864e+02
1.899999999999977263e+02
2.070000000000007390e+02
1.950000000000002842e+02
1.820000000000021600e+02
1.789999999999949409e+02
1.760000000000019327e+02
1.739999999999994884e+02
1.749999999999971578e+02
1.820000000000021600e+02
1.820000000000021600e+02
1.859999999999999432e+02
1.479999999999961346e+02
1.460000000000007958e+02
1.820000000000021600e+02
1.760000000000019327e+02
1.609999999999942588e+02
1.540000000000034674e+02
1.779999999999972715e+02
1.820000000000021600e+02
1.570000000000035811e+02
1.669999999999944862e+02
1.570000000000035811e+02
1.589999999999989200e+02
1.719999999999970441e+02
1.769999999999996021e+02
1.650000000000062528e+02
1.719999999999970441e+02
1.469999999999984652e+02
1.379999999999981242e+02
1.510000000000033538e+02
1.769999999999996021e+02
1.540000000000034674e+02
1.709999999999993747e+02
1.550000000000011369e+02
1.519999999999939178e+02
1.350000000000051159e+02
1.629999999999967031e+02
1.709999999999993747e+02
1.450000000000031264e+02
1.490000000000009095e+02
1.370000000000004547e+02
1.459999999999936904e+02
1.440000000000054570e+02
1.370000000000004547e+02
1.549999999999940314e+02
1.440000000000054570e+02
1.520000000000010232e+02
1.499999999999985789e+02
1.199999999999974420e+02
1.469999999999984652e+02
1.510000000000033538e+02
1.490000000000009095e+02
1.569999999999964757e+02
1.379999999999981242e+02
1.380000000000052296e+02
1.629999999999967031e+02
1.469999999999984652e+02
1.470000000000055707e+02
1.449999999999960210e+02
1.370000000000004547e+02
1.490000000000009095e+02
1.589999999999989200e+02
1.319999999999978968e+02
1.370000000000004547e+02
1.370000000000004547e+02
1.330000000000026716e+02
1.739999999999994884e+02
1.360000000000027853e+02
1.589999999999989200e+02
1.589999999999989200e+02
1.460000000000007958e+02
1.629999999999967031e+02
1.460000000000007958e+02
1.580000000000012506e+02
1.689999999999969305e+02
1.230000000000046612e+02
1.499999999999985789e+02
1.569999999999964757e+02
1.570000000000035811e+02
1.510000000000033538e+02
1.579999999999941451e+02
1.370000000000004547e+02
1.469999999999984652e+02
1.450000000000031264e+02
1.730000000000018190e+02
1.329999999999955662e+02
1.690000000000040359e+02
1.550000000000011369e+02
1.319999999999907914e+02
1.490000000000009095e+02
1.660000000000110276e+02
1.349999999999909051e+02
1.430000000000006821e+02
1.440000000000054570e+02
1.230000000000046612e+02
1.529999999999915872e+02
1.410000000000053433e+02
1.189999999999997726e+02
1.370000000000004547e+02
1.359999999999956799e+02
1.189999999999997726e+02
1.359999999999956799e+02
1.700000000000017053e+02
1.520000000000010232e+02
1.310000000000002274e+02
1.449999999999960210e+02
1.050000000000039790e+02
1.509999999999962483e+02
1.430000000000006821e+02
1.140000000000043201e+02
1.400000000000005684e+02
1.310000000000002274e+02
1.350000000000051159e+02
1.219999999999998863e+02
1.259999999999905640e+02
1.400000000000005684e+02
1.450000000000102318e+02
1.340000000000003411e+02
1.159999999999996589e+02
1.299999999999954525e+02
1.329999999999955662e+02
1.280000000000001137e+02
1.440000000000054570e+02
1.329999999999955662e+02
1.290000000000048885e+02
1.379999999999910187e+02
1.290000000000048885e+02
1.299999999999954525e+02
1.090000000000088676e+02
1.379999999999910187e+02
1.290000000000048885e+02
1.670000000000015916e+02
1.689999999999969305e+02
1.770000000000067075e+02
1.389999999999957936e+02
1.200000000000045475e+02
1.229999999999904503e+02
1.120000000000089813e+02
1.239999999999952252e+02
1.550000000000011369e+02
1.490000000000009095e+02
1.329999999999955662e+02
1.370000000000004547e+02
1.539999999999963620e+02
1.320000000000050022e+02
1.299999999999954525e+02
1.400000000000005684e+02
1.189999999999997726e+02
1.000000000000085265e+02
1.109999999999899956e+02
1.400000000000005684e+02
1.370000000000004547e+02
1.219999999999998863e+02
1.350000000000051159e+02
1.069999999999993179e+02
1.159999999999996589e+02
1.089999999999946567e+02
1.180000000000092086e+02
1.140000000000043201e+02
1.009999999999990905e+02
1.299999999999954525e+02
1.359999999999956799e+02
1.350000000000051159e+02
1.089999999999946567e+02
1.230000000000046612e+02
1.370000000000004547e+02
1.119999999999947704e+02
1.219999999999998863e+02
1.400000000000005684e+02
1.370000000000004547e+02
1.069999999999993179e+02
1.090000000000088676e+02
1.199999999999903366e+02
1.140000000000043201e+02
1.389999999999957936e+02
1.020000000000038654e+02
1.059999999999945430e+02
1.180000000000092086e+02
9.899999999998954081e+01
1.370000000000004547e+02
1.360000000000098908e+02
1.349999999999909051e+02
1.260000000000047748e+02
9.399999999999408828e+01
1.330000000000097771e+02
1.250000000000000000e+02
1.129999999999995453e+02
1.319999999999907914e+02
1.260000000000047748e+02
1.069999999999993179e+02
1.370000000000004547e+02
1.140000000000043201e+02
1.269999999999953388e+02
1.350000000000051159e+02
1.400000000000005684e+02
1.229999999999904503e+02
1.159999999999996589e+02
1.210000000000093223e+02
1.080000000000040927e+02
1.299999999999954525e+02
1.170000000000044338e+02
1.379999999999910187e+02
1.159999999999996589e+02
7.900000000000773070e+01
1.149999999999948841e+02
1.389999999999957936e+02
9.499999999999886313e+01
1.250000000000000000e+02
1.180000000000092086e+02
9.899999999998954081e+01
1.210000000000093223e+02
1.189999999999997726e+02
1.149999999999948841e+02
1.150000000000090949e+02
1.319999999999907914e+02
1.260000000000047748e+02
1.379999999999910187e+02
1.250000000000000000e+02
1.150000000000090949e+02
1.230000000000046612e+02
1.079999999999898819e+02
1.210000000000093223e+02
1.400000000000005684e+02
1.169999999999902229e+02
1.030000000000086402e+02
1.259999999999905640e+02
1.159999999999996589e+02
1.030000000000086402e+02
9.199999999999874944e+01
1.039999999999992042e+02
9.900000000000375167e+01
1.079999999999898819e+02
1.150000000000090949e+02
1.039999999999992042e+02
1.049999999999897682e+02
1.140000000000043201e+02
1.089999999999946567e+02
1.190000000000139835e+02
1.259999999999905640e+02
8.700000000000329692e+01
8.599999999999852207e+01
1.110000000000042064e+02
1.179999999999949978e+02
9.700000000000841283e+01
1.059999999999945430e+02
9.799999999999897682e+01
7.500000000000284217e+01
1.139999999999901092e+02
1.189999999999997726e+02
1.130000000000137561e+02
1.369999999999862439e+02
1.140000000000043201e+02
9.300000000000352429e+01
1.069999999999993179e+02
9.900000000000375167e+01
1.209999999999951115e+02
1.179999999999949978e+02
1.090000000000088676e+02
1.159999999999996589e+02
1.280000000000001137e+02
1.039999999999992042e+02
7.800000000000295586e+01
1.589999999999918145e+02
8.899999999999863576e+01
5.899999999999749889e+01
1.320000000000050022e+02
1.370000000000004547e+02
1.250000000000000000e+02
9.600000000000363798e+01
7.200000000000272848e+01
1.029999999999944293e+02
1.129999999999995453e+02
1.530000000000057980e+02
1.109999999999899956e+02
1.219999999999998863e+02
1.090000000000088676e+02
1.049999999999897682e+02
1.090000000000088676e+02
1.110000000000042064e+02
1.499999999999914735e+02
1.080000000000040927e+02
9.900000000000375167e+01
1.449999999999960210e+02
1.419999999999959073e+02
1.099999999999994316e+02
1.280000000000001137e+02
1.110000000000042064e+02
9.499999999999886313e+01
9.199999999999874944e+01
1.119999999999947704e+02
1.270000000000095497e+02
1.289999999999906777e+02
1.620000000000061391e+02
1.299999999999954525e+02
5.200000000000670752e+01
6.799999999999783995e+01
1.189999999999997726e+02
1.749999999999971578e+02
9.000000000000341061e+01
1.460000000000007958e+02
1.560000000000059117e+02
1.129999999999995453e+02
9.899999999998954081e+01
1.230000000000046612e+02
1.089999999999946567e+02
1.060000000000087539e+02
1.349999999999909051e+02
1.170000000000044338e+02
1.009999999999990905e+02
1.230000000000046612e+02
1.280000000000001137e+02
1.280000000000001137e+02
1.250000000000000000e+02
1.419999999999959073e+02
1.449999999999960210e+02
1.500000000000056843e+02
1.449999999999960210e+02
1.670000000000015916e+02
1.880000000000023874e+02
6.000000000000227374e+01
4.399999999999693046e+01
3.499999999999658939e+01
3.199999999999647571e+01
5.800000000000693490e+01
1.219999999999998863e+02
2.019999999999981810e+02
1.479999999999961346e+02
1.159999999999996589e+02
1.440000000000054570e+02
9.999999999999431566e+01
9.600000000000363798e+01
1.210000000000093223e+02
1.280000000000001137e+02
1.139999999999901092e+02
1.039999999999992042e+02
1.150000000000090949e+02
1.209999999999951115e+02
9.699999999999420197e+01
1.050000000000039790e+02
1.410000000000053433e+02
1.169999999999902229e+02
1.150000000000090949e+02
1.159999999999996589e+02
1.099999999999994316e+02
1.439999999999912461e+02
1.189999999999997726e+02
1.370000000000004547e+02
1.330000000000097771e+02
1.219999999999998863e+02
1.389999999999957936e+02
1.269999999999953388e+02
1.330000000000097771e+02
1.250000000000000000e+02
1.129999999999995453e+02
1.250000000000000000e+02
1.310000000000002274e+02
1.199999999999903366e+02
1.230000000000046612e+02
1.119999999999947704e+02
1.270000000000095497e+02
1.289999999999906777e+02
1.320000000000050022e+02
1.200000000000045475e+02
1.199999999999903366e+02
1.320000000000050022e+02
1.149999999999948841e+02
1.300000000000096634e+02
1.139999999999901092e+02
1.069999999999993179e+02
1.090000000000088676e+02
1.200000000000045475e+02
9.799999999999897682e+01
9.899999999998954081e+01
1.090000000000088676e+02
8.699999999998908606e+01
7.500000000000284217e+01
1.069999999999993179e+02
1.159999999999996589e+02
9.900000000000375167e+01
9.199999999999874944e+01
1.200000000000045475e+02
9.099999999999397460e+01
8.899999999999863576e+01
1.219999999999998863e+02
1.009999999999990905e+02
1.090000000000088676e+02
1.280000000000001137e+02
9.900000000000375167e+01
1.009999999999990905e+02
9.199999999999874944e+01
1.139999999999901092e+02
1.090000000000088676e+02
6.900000000000261480e+01
1.009999999999990905e+02
1.119999999999947704e+02
9.499999999999886313e+01
1.089999999999946567e+02
9.200000000001296030e+01
7.799999999998874500e+01
9.300000000000352429e+01
7.000000000000738964e+01
9.999999999999431566e+01
1.110000000000042064e+02
8.799999999999386091e+01
1.400000000000005684e+02
6.799999999999783995e+01
3.100000000000591172e+01
6.099999999999283773e+01
6.600000000000250111e+01
7.300000000000750333e+01
4.200000000000159162e+01
8.999999999998919975e+01
1.490000000000009095e+02
1.090000000000088676e+02
1.129999999999995453e+02
9.199999999999874944e+01
9.299999999998931344e+01
9.900000000000375167e+01
1.030000000000086402e+02
8.199999999999363354e+01
9.999999999999431566e+01
9.800000000001318767e+01
6.499999999999772626e+01
9.299999999998931344e+01
8.800000000000807177e+01
7.599999999999340616e+01
9.799999999999897682e+01
1.099999999999994316e+02
9.100000000000818545e+01
8.899999999999863576e+01
9.699999999999420197e+01
9.300000000000352429e+01
7.699999999999818101e+01
9.400000000000829914e+01
7.999999999999829470e+01
8.700000000000329692e+01
1.049999999999897682e+02
8.400000000000318323e+01
7.399999999999806732e+01
7.600000000000761702e+01
1.029999999999944293e+02
9.499999999999886313e+01
1.039999999999992042e+02
1.080000000000040927e+02
9.600000000000363798e+01
9.499999999999886313e+01
9.299999999998931344e+01
1.020000000000038654e+02
8.200000000000784439e+01
9.799999999999897682e+01
9.599999999998942712e+01
8.100000000000306954e+01
1.080000000000040927e+02
6.099999999999283773e+01
7.500000000000284217e+01
8.100000000000306954e+01
7.500000000000284217e+01
5.799999999999272404e+01
7.500000000000284217e+01
7.900000000000773070e+01
5.399999999998783551e+01
8.500000000000795808e+01
7.599999999999340616e+01
6.000000000000227374e+01
5.800000000000693490e+01
4.699999999999704414e+01
6.499999999999772626e+01
3.900000000000147793e+01
2.700000000000102318e+01
2.100000000000079581e+01
1.099999999999567990e+01
4.999999999995452526e+00
-9.000000000000341061e+00
-1.299999999999101874e+01
4.000000000004888534e+00
-1.000000000004774847e+00
1.999999999995338840e+00
2.100000000000079581e+01
-1.300000000000522959e+01
1.800000000000068212e+01
3.100000000000591172e+01
-1.999999999995338840e+00
1.999999999995338840e+00
2.200000000000557066e+01
1.200000000000045475e+01
1.500000000000056843e+01
9.999999999905639925e-01
1.100000000000989075e+01
1.999999999995338840e+00
7.000000000005002221e+00
2.299999999999613465e+01
1.500000000000056843e+01
1.500000000000056843e+01
1.099999999999567990e+01
1.399999999999579359e+01
4.000000000004888534e+00
1.500000000000056843e+01
2.400000000000090949e+01
0.000000000000000000e+00
2.199999999999135980e+01
1.600000000000534328e+01
1.999999999999602096e+01
2.700000000000102318e+01
3.000000000000113687e+01
2.299999999999613465e+01
8.000000000009777068e+00
1.999999999999602096e+01
2.599999999999624833e+01
9.000000000000341061e+00
2.300000000001034550e+01
1.399999999999579359e+01
1.000000000004774847e+00
3.199999999999647571e+01
3.000000000000113687e+01
2.400000000000090949e+01
3.399999999999181455e+01
3.000000000000113687e+01
2.500000000000568434e+01
2.100000000000079581e+01
3.799999999999670308e+01
2.100000000000079581e+01
1.899999999999124611e+01
1.800000000000068212e+01
3.800000000001091394e+01
1.999999999999602096e+01
2.200000000000557066e+01
3.899999999998726707e+01
2.800000000000579803e+01
3.300000000000125056e+01
3.199999999999647571e+01
3.100000000000591172e+01
2.599999999999624833e+01
4.900000000000659384e+01
1.299999999999101874e+01
6.000000000000227374e+00
2.700000000000102318e+01
2.100000000000079581e+01
1.099999999999567990e+01
3.000000000000113687e+00
4.000000000004888534e+00
2.299999999999613465e+01
2.300000000001034550e+01
4.999999999995452526e+00
1.900000000000545697e+01
1.599999999999113243e+01
2.700000000000102318e+01
2.100000000000079581e+01
1.000000000000511591e+01
3.300000000000125056e+01
2.999999999998692601e+01
1.200000000000045475e+01
4.900000000000659384e+01
3.400000000000602540e+01
7.999999999995566213e+00
2.400000000000090949e+01
4.200000000000159162e+01
1.500000000000056843e+01
9.000000000000341061e+00
4.299999999999215561e+01
1.900000000000545697e+01
2.299999999999613465e+01
2.899999999999636202e+01
1.900000000000545697e+01
3.499999999999658939e+01
2.100000000000079581e+01
2.299999999999613465e+01
2.400000000000090949e+01
1.200000000000045475e+01
1.900000000000545697e+01
3.300000000000125056e+01
1.500000000000056843e+01
7.999999999995566213e+00
3.600000000000136424e+01
2.599999999999624833e+01
3.000000000000113687e+01
1.500000000000056843e+01
2.599999999999624833e+01
2.100000000000079581e+01
1.300000000000522959e+01
-1.000000000004774847e+00
1.000000000004774847e+00
2.400000000000090949e+01
2.599999999999624833e+01
7.000000000005002221e+00
1.500000000000056843e+01
1.999999999999602096e+01
2.400000000000090949e+01
3.700000000000613909e+01
3.000000000000113687e+01
3.999999999999204192e+01
7.399999999999806732e+01
7.699999999999818101e+01
3.800000000001091394e+01
6.199999999999761258e+01
6.600000000000250111e+01
2.299999999999613465e+01
5.299999999999727152e+01
3.400000000000602540e+01
3.399999999999181455e+01
5.100000000000193268e+01
1.800000000000068212e+01
4.300000000000636646e+01
4.499999999998749445e+01
2.800000000000579803e+01
2.299999999999613465e+01
4.100000000001102762e+01
2.899999999999636202e+01
4.399999999999693046e+01
1.500000000000056843e+01
3.600000000000136424e+01
2.499999999999147349e+01
1.200000000000045475e+01
3.000000000000113687e+01
5.200000000000670752e+01
3.300000000000125056e+01
2.499999999999147349e+01
5.000000000009663381e+00
1.399999999999579359e+01
6.600000000000250111e+01
1.399999999999579359e+01
1.020000000000038654e+02
-9.000000000000341061e+00
-1.500000000000056843e+02
3.200000000000073896e+02
-3.810000000000002274e+02
-1.180000000000092086e+02
nan
nan
nan
nan
nan
nan
